start	stop	size.filt	size.all
2699555	3528653	2561	4533
3528654	4601894	2561	4975
4601895	5736705	3618	6071
5736706	7804016	3989	7836
7804017	9549039	3744	6646
9549040	12111764	4321	8779
12111765	13863121	3726	6644
13863122	15408480	2741	5387
15408481	17493861	2814	5916
17493862	20504378	3084	8366
20504379	22735335	3869	7936
22735336	23814921	3038	5162
23814922	25776001	2930	6039
25776002	27103531	3035	5232
27103532	28360551	2509	4710
28360552	29832146	2507	5267
29832147	31423374	3218	6475
31423375	33112918	4460	8761
33112919	34903304	3529	7089
34903305	37699786	4165	8889
37699787	39747725	4111	7146
39747726	42357285	4241	8020
42357286	44321639	2882	5841
44321640	46098526	2837	6091
46098527	49405094	4491	9986
49405095	53909566	4633	11131
53909567	56188695	3147	7051
56188696	63584735	4680	15763
63584736	67876444	5152	16467
67876445	69660028	3326	6310
69660029	71628279	3025	6118
71628280	73659245	2601	5958
73659246	75431445	2778	5699
75431446	77844780	5163	9858
77844781	80093260	5131	9671
80093261	82730119	4659	10385
82730120	84132850	2823	5345
84132851	86179931	4633	8400
86179932	86950351	2810	4527
86950352	87869107	2805	4910
87869108	89655919	5000	7720
89655920	91277081	4182	6677
91277082	93221561	4592	7998
93221562	95086332	3379	7807
95086333	97246328	4124	7632
97246329	100579600	4255	10485
100579601	104467275	4715	11207
104467276	108623264	4206	12656
108623265	111244733	2678	7663
111244734	113299844	4239	8453
113299845	115476101	4237	8077
115476102	116883360	4280	7151
116883361	118867671	3575	7859
118867672	120274316	2605	4855
120274317	121943930	3463	6969
121943931	124284122	3977	7854
124284123	125723461	3203	6007
125723462	127439357	3704	6828
127439358	128872909	2507	5474
128872910	131159350	3202	6916
131159351	134011453	2963	7016
134011454	136383224	2934	6767
136383225	138311836	3230	6376
138311837	140755865	4139	7932
140755866	142220153	4067	6702
142220154	143883764	4233	7158
143883765	145543148	4027	7325
145543149	146794410	3054	5678
146794411	150082942	4950	10345
150082943	151965073	3943	7101
151965074	154930229	3799	8329
